4 0.846715 0.592135 0.0554745 0.0561798 mvv_2020_en_P44_Nr.1_class_1
4 0.178832 0.648315 0.0627737 0.047191 mvv_2020_en_P44_Nr.1_class_1
3 0.727737 0.893258 0.10365 0.0516854 mvv_2020_en_P44_Nr.1_class_1
3 0.561314 0.893258 0.0978102 0.047191 mvv_2020_en_P44_Nr.1_class_1
1 0.710949 0.762921 0.0291971 0.191011 mvv_2020_en_P44_Nr.1_class_1
4 0.0824817 0.866292 0.0131387 0.047191 mvv_2020_en_P44_Nr.1_class_1
3 0.892701 0.891011 0.0978102 0.047191 mvv_2020_en_P44_Nr.1_class_1
1 0.542336 0.760674 0.0306569 0.195506 mvv_2020_en_P44_Nr.1_class_1
1 0.238686 0.569663 0.0335766 0.577528 mvv_2020_en_P44_Nr.1_class_1
1 0.743066 0.625843 0.0321168 0.460674 mvv_2020_en_P44_Nr.1_class_1
1 0.575182 0.606742 0.0321168 0.494382 mvv_2020_en_P44_Nr.1_class_1
1 0.910219 0.644944 0.0306569 0.422472 mvv_2020_en_P44_Nr.1_class_1
1 0.407299 0.579775 0.0321168 0.534831 mvv_2020_en_P44_Nr.1_class_1
5 0.331804 0.557203 0.0275229 0.0974576 hollyfrontier_2020_en_P28_Nr.1_class_1
5 0.968654 0.542373 0.029052 0.0889831 hollyfrontier_2020_en_P28_Nr.1_class_1
5 0.58104 0.42161 0.030581 0.0805085 hollyfrontier_2020_en_P28_Nr.1_class_1
5 0.656728 0.505297 0.0321101 0.095339 hollyfrontier_2020_en_P28_Nr.1_class_1
5 0.522171 0.42267 0.0351682 0.095339 hollyfrontier_2020_en_P28_Nr.1_class_1
5 0.195719 0.476695 0.030581 0.0889831 hollyfrontier_2020_en_P28_Nr.1_class_1
5 0.769878 0.455508 0.0321101 0.0932203 hollyfrontier_2020_en_P28_Nr.1_class_1
5 0.277523 0.46822 0.0321101 0.0889831 hollyfrontier_2020_en_P28_Nr.1_class_1
5 0.91055 0.427966 0.0351682 0.0932203 hollyfrontier_2020_en_P28_Nr.1_class_1
3 0.675076 0.144068 0.270642 0.0720339 hollyfrontier_2020_en_P28_Nr.1_class_1
1 0.136086 0.769068 0.0366972 0.131356 hollyfrontier_2020_en_P28_Nr.1_class_1
1 0.387615 0.705508 0.0351682 0.262712 hollyfrontier_2020_en_P28_Nr.1_class_1
1 0.851682 0.751059 0.0366972 0.17161 hollyfrontier_2020_en_P28_Nr.1_class_1
1 0.465596 0.650424 0.0351682 0.368644 hollyfrontier_2020_en_P28_Nr.1_class_1
1 0.964832 0.724576 0.0366972 0.228814 hollyfrontier_2020_en_P28_Nr.1_class_1
1 0.275229 0.685381 0.0366972 0.294492 hollyfrontier_2020_en_P28_Nr.1_class_1
1 0.193425 0.690678 0.0382263 0.292373 hollyfrontier_2020_en_P28_Nr.1_class_1
1 0.654434 0.699153 0.0366972 0.266949 hollyfrontier_2020_en_P28_Nr.1_class_1
1 0.908257 0.662076 0.0366972 0.349576 hollyfrontier_2020_en_P28_Nr.1_class_1
1 0.0825688 0.612288 0.0366972 0.444915 hollyfrontier_2020_en_P28_Nr.1_class_1
1 0.70948 0.641949 0.0366972 0.398305 hollyfrontier_2020_en_P28_Nr.1_class_1
1 0.767584 0.674788 0.0366972 0.324153 hollyfrontier_2020_en_P28_Nr.1_class_1
1 0.329511 0.73411 0.0351682 0.209746 hollyfrontier_2020_en_P28_Nr.1_class_1
1 0.577982 0.657839 0.0366972 0.358051 hollyfrontier_2020_en_P28_Nr.1_class_1
1 0.520642 0.659958 0.0351682 0.349576 hollyfrontier_2020_en_P28_Nr.1_class_1
5 0.856542 0.801905 0.0237184 0.198095 hollyfrontier_2020_en_P29_Nr.1_class_1
5 0.853481 0.718095 0.0175976 0.0914286 hollyfrontier_2020_en_P29_Nr.1_class_1
1 0.5329 0.608571 0.0191278 0.554286 hollyfrontier_2020_en_P29_Nr.1_class_1
1 0.72456 0.65619 0.0168324 0.447619 hollyfrontier_2020_en_P29_Nr.1_class_1
1 0.10329 0.833333 0.027544 0.100952 hollyfrontier_2020_en_P29_Nr.1_class_1
1 0.483933 0.764762 0.0283091 0.245714 hollyfrontier_2020_en_P29_Nr.1_class_1
1 0.251339 0.854286 0.0175976 0.0552381 hollyfrontier_2020_en_P29_Nr.1_class_1
2 0.339709 0.230476 0.0183627 0.0571429 hollyfrontier_2020_en_P29_Nr.1_class_1
1 0.118975 0.832381 0.0221882 0.110476 hollyfrontier_2020_en_P29_Nr.1_class_1
5 0.633512 0.787619 0.0168324 0.0933333 hollyfrontier_2020_en_P29_Nr.1_class_1
5 0.27544 0.795238 0.0198929 0.177143 hollyfrontier_2020_en_P29_Nr.1_class_1
1 0.472456 0.809524 0.0237184 0.15619 hollyfrontier_2020_en_P29_Nr.1_class_1
5 0.470161 0.788571 0.0221882 0.194286 hollyfrontier_2020_en_P29_Nr.1_class_1
5 0.251339 0.795238 0.0175976 0.127619 hollyfrontier_2020_en_P29_Nr.1_class_1
1 0.633512 0.860952 0.0198929 0.0457143 hollyfrontier_2020_en_P29_Nr.1_class_1
1 0.149962 0.739048 0.0244836 0.285714 hollyfrontier_2020_en_P29_Nr.1_class_1
5 0.442234 0.799048 0.0168324 0.12 hollyfrontier_2020_en_P29_Nr.1_class_1
5 0.665264 0.768571 0.0191278 0.169524 hollyfrontier_2020_en_P29_Nr.1_class_1
1 0.91316 0.673333 0.020658 0.417143 hollyfrontier_2020_en_P29_Nr.1_class_1
1 0.0910482 0.84 0.0244836 0.0876191 hollyfrontier_2020_en_P29_Nr.1_class_1
3 0.486993 0.0514286 0.152257 0.0685714 hollyfrontier_2020_en_P29_Nr.1_class_1
1 0.854246 0.824762 0.0221882 0.118095 hollyfrontier_2020_en_P29_Nr.1_class_1
1 0.501148 0.75619 0.0214231 0.259048 hollyfrontier_2020_en_P29_Nr.1_class_1
3 0.289595 0.047619 0.141546 0.0761905 hollyfrontier_2020_en_P29_Nr.1_class_1
1 0.692425 0.761905 0.0214231 0.23619 hollyfrontier_2020_en_P29_Nr.1_class_1
3 0.0986993 0.0542857 0.168324 0.0628571 hollyfrontier_2020_en_P29_Nr.1_class_1
1 0.883321 0.810476 0.0237184 0.158095 hollyfrontier_2020_en_P29_Nr.1_class_1
1 0.308722 0.77619 0.0237184 0.226667 hollyfrontier_2020_en_P29_Nr.1_class_1
3 0.689365 0.0504762 0.148432 0.0742857 hollyfrontier_2020_en_P29_Nr.1_class_1
1 0.281561 0.795238 0.0198929 0.188571 hollyfrontier_2020_en_P29_Nr.1_class_1
