4 0.941514 0.885417 0.043578 0.0763889 7
4 0.924312 0.708333 0.0412844 0.0833333 7
0 0.740826 0.354167 0.0550459 0.0833333 7
0 0.801606 0.541667 0.0573394 0.0833333 7
3 0.156391 0.0684932 0.231579 0.100457 gildan_2020_en_P10_Nr.3_class_0
3 0.115789 0.141553 0.135338 0.0547945 gildan_2020_en_P10_Nr.3_class_0
3 0.0684211 0.386986 0.0796992 0.0525114 gildan_2020_en_P10_Nr.3_class_0
0 0.934586 0.086758 0.0977444 0.0547945 gildan_2020_en_P10_Nr.3_class_0
3 0.238346 0.332192 0.193985 0.0753425 gildan_2020_en_P10_Nr.3_class_0
0 0.749624 0.453196 0.0977444 0.0570776 gildan_2020_en_P10_Nr.3_class_0
1 0.412782 0.621005 0.0466165 0.538813 gildan_2020_en_P10_Nr.3_class_0
1 0.527068 0.60274 0.0466165 0.561644 gildan_2020_en_P10_Nr.3_class_0
1 0.184962 0.643836 0.0451128 0.493151 gildan_2020_en_P10_Nr.3_class_0
1 0.63985 0.613014 0.0466165 0.559361 gildan_2020_en_P10_Nr.3_class_0
1 0.3 0.635845 0.043609 0.509132 gildan_2020_en_P10_Nr.3_class_0
1 0.0721804 0.666667 0.0451128 0.461187 gildan_2020_en_P10_Nr.3_class_0
1 0.755639 0.69863 0.0466165 0.392694 gildan_2020_en_P10_Nr.3_class_0
0 0.78069 0.401282 0.0551724 0.0641026 hellenicbank_2020_en_P34_Nr.3_class_0
0 0.665517 0.45641 0.062069 0.0615385 hellenicbank_2020_en_P34_Nr.3_class_0
0 0.196552 0.387179 0.0510345 0.0564103 hellenicbank_2020_en_P34_Nr.3_class_0
0 0.552414 0.455128 0.062069 0.0589744 hellenicbank_2020_en_P34_Nr.3_class_0
3 0.11931 0.962821 0.161379 0.0692308 hellenicbank_2020_en_P34_Nr.3_class_0
0 0.318621 0.45641 0.0634483 0.0564103 hellenicbank_2020_en_P34_Nr.3_class_0
0 0.902759 0.351282 0.0648276 0.0564103 hellenicbank_2020_en_P34_Nr.3_class_0
0 0.433103 0.408974 0.0634483 0.0538462 hellenicbank_2020_en_P34_Nr.3_class_0
1 0.314483 0.661538 0.0524138 0.312821 hellenicbank_2020_en_P34_Nr.3_class_0
1 0.661379 0.661538 0.0537931 0.312821 hellenicbank_2020_en_P34_Nr.3_class_0
1 0.897931 0.605128 0.0551724 0.425641 hellenicbank_2020_en_P34_Nr.3_class_0
1 0.549655 0.661538 0.0537931 0.317949 hellenicbank_2020_en_P34_Nr.3_class_0
1 0.0724138 0.596154 0.0537931 0.448718 hellenicbank_2020_en_P34_Nr.3_class_0
1 0.196552 0.626923 0.0537931 0.376923 hellenicbank_2020_en_P34_Nr.3_class_0
1 0.431724 0.638462 0.0551724 0.358974 hellenicbank_2020_en_P34_Nr.3_class_0
1 0.78069 0.628205 0.0551724 0.369231 hellenicbank_2020_en_P34_Nr.3_class_0
4 0.792767 0.951613 0.0470723 0.0537634 1
4 0.631458 0.952688 0.043628 0.055914 1
1 0.283582 0.554839 0.32147 0.116129 1
4 0.963261 0.951613 0.0367394 0.0537634 1
1 0.284156 0.389247 0.30884 0.12043 1
3 0.159587 0.0397849 0.277842 0.0795699 1
4 0.132032 0.952688 0.0137773 0.0602151 1
1 0.214696 0.719355 0.16992 0.109677 1
0 0.167453 0.553846 0.0896226 0.0615385 hellenicbank_2020_en_P42_Nr.5_class_0
0 0.636792 0.372308 0.0801887 0.0553846 hellenicbank_2020_en_P42_Nr.5_class_0
0 0.867925 0.323077 0.122642 0.0615385 hellenicbank_2020_en_P42_Nr.5_class_0
1 0.166274 0.724615 0.0872642 0.273846 hellenicbank_2020_en_P42_Nr.5_class_0
1 0.40566 0.704615 0.0896226 0.32 hellenicbank_2020_en_P42_Nr.5_class_0
1 0.863208 0.621538 0.0943396 0.486154 hellenicbank_2020_en_P42_Nr.5_class_0
1 0.637972 0.641538 0.0919811 0.446154 hellenicbank_2020_en_P42_Nr.5_class_0
0 0.553398 0.579602 0.0638003 0.0547264 hellenicbank_2020_en_P34_Nr.2_class_0
0 0.889736 0.549751 0.0957004 0.0746269 hellenicbank_2020_en_P34_Nr.2_class_0
4 0.319001 0.531095 0.074896 0.0721393 hellenicbank_2020_en_P34_Nr.2_class_0
1 0.199029 0.672886 0.0540915 0.370647 hellenicbank_2020_en_P34_Nr.2_class_0
1 0.899445 0.727612 0.0540915 0.261194 hellenicbank_2020_en_P34_Nr.2_class_0
1 0.785714 0.766169 0.0513176 0.179104 hellenicbank_2020_en_P34_Nr.2_class_0
1 0.0728155 0.616915 0.0513176 0.462687 hellenicbank_2020_en_P34_Nr.2_class_0
1 0.434813 0.716418 0.0540915 0.273632 hellenicbank_2020_en_P34_Nr.2_class_0
1 0.668516 0.722637 0.0527046 0.276119 hellenicbank_2020_en_P34_Nr.2_class_0
1 0.552705 0.738806 0.0540915 0.238806 hellenicbank_2020_en_P34_Nr.2_class_0
1 0.315534 0.718905 0.0540915 0.283582 hellenicbank_2020_en_P34_Nr.2_class_0
3 0.587525 0.38604 0.140845 0.0598291 hellenicbank_2020_en_P42_Nr.3_class_0
0 0.586519 0.384615 0.142857 0.0740741 hellenicbank_2020_en_P42_Nr.3_class_0
0 0.189135 0.549858 0.132797 0.0626781 hellenicbank_2020_en_P42_Nr.3_class_0
1 0.200201 0.706553 0.0784708 0.22792 hellenicbank_2020_en_P42_Nr.3_class_0
1 0.788732 0.653846 0.0804829 0.327635 hellenicbank_2020_en_P42_Nr.3_class_0
1 0.402415 0.61396 0.0764588 0.396011 hellenicbank_2020_en_P42_Nr.3_class_0
1 0.60161 0.632479 0.0764588 0.358974 hellenicbank_2020_en_P42_Nr.3_class_0
0 0.634644 0.689655 0.0422849 0.0508167 hellenicbank_2020_en_P34_Nr.1_class_3
1 0.205714 0.71063 0.0857143 0.0590551 3
1 0.508837 0.449833 0.10162 0.0568562 2
0 0.0699558 0.342809 0.0810015 0.0702341 2
3 0.126657 0.891304 0.182622 0.090301 2
1 0.481591 0.88796 0.0500736 0.0568562 2
1 0.476436 0.779264 0.0427099 0.0468227 2
4 0.875 0.832661 0.0438596 0.0685484 4
4 0.9375 0.935484 0.0460526 0.0645161 4
0 0.0835821 0.130485 0.143284 0.0715935 gildan_2020_en_P10_Nr.1_class_0
3 0.0835821 0.12933 0.137313 0.0646651 gildan_2020_en_P10_Nr.1_class_0
0 0.158955 0.460739 0.0791045 0.0531178 gildan_2020_en_P10_Nr.1_class_0
0 0.496269 0.621247 0.0671642 0.0461894 gildan_2020_en_P10_Nr.1_class_0
3 0.83806 0.162818 0.246269 0.0854503 gildan_2020_en_P10_Nr.1_class_0
0 0.274627 0.344111 0.0985075 0.0600462 gildan_2020_en_P10_Nr.1_class_0
0 0.387313 0.428406 0.0940299 0.0531178 gildan_2020_en_P10_Nr.1_class_0
0 0.611194 0.496536 0.0910448 0.0508083 gildan_2020_en_P10_Nr.1_class_0
1 0.61194 0.718245 0.0447761 0.337182 gildan_2020_en_P10_Nr.1_class_0
1 0.5 0.784065 0.0447761 0.210162 gildan_2020_en_P10_Nr.1_class_0
1 0.386567 0.684758 0.0447761 0.399538 gildan_2020_en_P10_Nr.1_class_0
1 0.161194 0.702079 0.0447761 0.369515 gildan_2020_en_P10_Nr.1_class_0
1 0.274627 0.643187 0.0447761 0.487298 gildan_2020_en_P10_Nr.1_class_0
3 0.550694 0.46729 0.0986111 0.0560748 hellenicbank_2020_en_P34_Nr.4_class_0
3 0.313889 0.48014 0.0833333 0.0630841 hellenicbank_2020_en_P34_Nr.4_class_0
2 0.309028 0.878505 0.0458333 0.0327103 hellenicbank_2020_en_P34_Nr.4_class_0
3 0.197917 0.42757 0.0902778 0.0654206 hellenicbank_2020_en_P34_Nr.4_class_0
3 0.9 0.399533 0.102778 0.0607477 hellenicbank_2020_en_P34_Nr.4_class_0
3 0.611806 0.0432243 0.256944 0.0864486 hellenicbank_2020_en_P34_Nr.4_class_0
3 0.842361 0.406542 0.229167 0.0841122 hellenicbank_2020_en_P34_Nr.4_class_0
3 0.667361 0.501168 0.0819444 0.0584112 hellenicbank_2020_en_P34_Nr.4_class_0
3 0.075 0.378505 0.102778 0.0560748 hellenicbank_2020_en_P34_Nr.4_class_0
3 0.116667 0.96028 0.158333 0.0607477 hellenicbank_2020_en_P34_Nr.4_class_0
1 0.315972 0.671729 0.0541667 0.292056 hellenicbank_2020_en_P34_Nr.4_class_0
1 0.550694 0.663551 0.0541667 0.313084 hellenicbank_2020_en_P34_Nr.4_class_0
1 0.897917 0.629673 0.0541667 0.371495 hellenicbank_2020_en_P34_Nr.4_class_0
1 0.197917 0.641355 0.0541667 0.348131 hellenicbank_2020_en_P34_Nr.4_class_0
1 0.434028 0.651869 0.0541667 0.327103 hellenicbank_2020_en_P34_Nr.4_class_0
1 0.670833 0.682243 0.0527778 0.275701 hellenicbank_2020_en_P34_Nr.4_class_0
1 0.0736111 0.620327 0.0555556 0.404206 hellenicbank_2020_en_P34_Nr.4_class_0
1 0.781944 0.635514 0.0555556 0.359813 hellenicbank_2020_en_P34_Nr.4_class_0
3 0.904444 0.236175 0.125926 0.0576037 gildan_2020_en_P10_Nr.4_class_0
3 0.105926 0.129032 0.128889 0.0552995 gildan_2020_en_P10_Nr.4_class_0
0 0.175556 0.296083 0.0696296 0.0529954 gildan_2020_en_P10_Nr.4_class_0
0 0.395556 0.190092 0.08 0.0483871 gildan_2020_en_P10_Nr.4_class_0
0 0.891111 0.157834 0.155556 0.0760369 gildan_2020_en_P10_Nr.4_class_0
0 0.06 0.418203 0.0844444 0.0529954 gildan_2020_en_P10_Nr.4_class_0
0 0.517037 0.173963 0.0740741 0.0483871 gildan_2020_en_P10_Nr.4_class_0
0 0.625185 0.228111 0.0888889 0.0506912 gildan_2020_en_P10_Nr.4_class_0
0 0.28 0.260369 0.082963 0.046083 gildan_2020_en_P10_Nr.4_class_0
1 0.514074 0.562212 0.0474074 0.64977 gildan_2020_en_P10_Nr.4_class_0
0 0.742222 0.652074 0.0681482 0.046083 gildan_2020_en_P10_Nr.4_class_0
1 0.28963 0.59447 0.0459259 0.552995 gildan_2020_en_P10_Nr.4_class_0
1 0.402963 0.557604 0.0444444 0.617512 gildan_2020_en_P10_Nr.4_class_0
1 0.0651852 0.672811 0.0444444 0.419355 gildan_2020_en_P10_Nr.4_class_0
1 0.739259 0.797235 0.0444444 0.179724 gildan_2020_en_P10_Nr.4_class_0
1 0.627407 0.582949 0.0459259 0.612903 gildan_2020_en_P10_Nr.4_class_0
1 0.178519 0.603687 0.042963 0.539171 gildan_2020_en_P10_Nr.4_class_0
3 0.16074 0.690635 0.273115 0.117057 5
1 0.450925 0.827759 0.0796586 0.0367893 5
3 0.100996 0.954849 0.170697 0.083612 5
0 0.402287 0.23607 0.151767 0.0674487 hellenicbank_2020_en_P42_Nr.4_class_0
0 0.802495 0.278592 0.149688 0.0645161 hellenicbank_2020_en_P42_Nr.4_class_0
3 0.402287 0.240469 0.135135 0.0703812 hellenicbank_2020_en_P42_Nr.4_class_0
3 0.609148 0.255132 0.158004 0.0703812 hellenicbank_2020_en_P42_Nr.4_class_0
3 0.178794 0.524927 0.149688 0.0703812 hellenicbank_2020_en_P42_Nr.4_class_0
3 0.805613 0.277126 0.143451 0.0615836 hellenicbank_2020_en_P42_Nr.4_class_0
1 0.195426 0.699413 0.0790021 0.243402 hellenicbank_2020_en_P42_Nr.4_class_0
1 0.81185 0.580645 0.0810811 0.480938 hellenicbank_2020_en_P42_Nr.4_class_0
1 0.610187 0.565982 0.0810811 0.510264 hellenicbank_2020_en_P42_Nr.4_class_0
1 0.406445 0.558651 0.0810811 0.524927 hellenicbank_2020_en_P42_Nr.4_class_0
